spin component  1

  0.0921  0.0000  0.0000 -0.0477  0.0000  0.0000  0.0000      0.0000  0.0000  0.0000  0.0000  0.0000  0.0000  0.0000
  0.0000  0.0459  0.0000  0.0000 -0.0081  0.0000  0.0000      0.0000  0.0000  0.0000  0.0000  0.0000  0.0000  0.0000
  0.0000  0.0000  0.0313  0.0000  0.0000 -0.0081  0.0000      0.0000  0.0000  0.0000  0.0000  0.0000  0.0000  0.0000
 -0.0477  0.0000  0.0000  0.1028  0.0000  0.0000  0.0000      0.0000  0.0000  0.0000  0.0000  0.0000  0.0000  0.0000
  0.0000 -0.0081  0.0000  0.0000  0.0313  0.0000  0.0000      0.0000  0.0000  0.0000  0.0000  0.0000  0.0000  0.0000
  0.0000  0.0000 -0.0081  0.0000  0.0000  0.0459  0.0000      0.0000  0.0000  0.0000  0.0000  0.0000  0.0000  0.0000
  0.0000  0.0000  0.0000  0.0000  0.0000  0.0000  0.0277      0.0000  0.0000  0.0000  0.0000  0.0000  0.0000  0.0000

spin component  2

  0.0921  0.0000  0.0000 -0.0477  0.0000  0.0000  0.0000      0.0000  0.0000  0.0000  0.0000  0.0000  0.0000  0.0000
  0.0000  0.0459  0.0000  0.0000 -0.0081  0.0000  0.0000      0.0000  0.0000  0.0000  0.0000  0.0000  0.0000  0.0000
  0.0000  0.0000  0.0313  0.0000  0.0000 -0.0081  0.0000      0.0000  0.0000  0.0000  0.0000  0.0000  0.0000  0.0000
 -0.0477  0.0000  0.0000  0.1028  0.0000  0.0000  0.0000      0.0000  0.0000  0.0000  0.0000  0.0000  0.0000  0.0000
  0.0000 -0.0081  0.0000  0.0000  0.0313  0.0000  0.0000      0.0000  0.0000  0.0000  0.0000  0.0000  0.0000  0.0000
  0.0000  0.0000 -0.0081  0.0000  0.0000  0.0459  0.0000      0.0000  0.0000  0.0000  0.0000  0.0000  0.0000  0.0000
  0.0000  0.0000  0.0000  0.0000  0.0000  0.0000  0.0277      0.0000  0.0000  0.0000  0.0000  0.0000  0.0000  0.0000

occupancies and eigenvectors

  o =  0.0277  v =  0.0000 -0.1462  0.2979  0.0000 -0.3270  0.1332 -0.2979  0.0000  0.0000  0.0000  0.0000  0.0000  0.0000  0.0000  0.0000  0.3338 -0.0794  0.0000  0.7465 -0.0355 -0.0137  0.0000  0.0000  0.0000  0.0000  0.0000  0.0000  0.0000
  o =  0.0277  v =  0.0000 -0.0082 -0.1027  0.0000 -0.0184 -0.0459 -0.2479  0.0000  0.0000  0.0000  0.0000  0.0000  0.0000  0.0000  0.0000 -0.0579 -0.6633  0.0000 -0.1295 -0.2966 -0.6144  0.0000  0.0000  0.0000  0.0000  0.0000  0.0000  0.0000
  o =  0.0277  v =  0.0000 -0.0346  0.4615  0.0000 -0.0773  0.2064 -0.4309  0.0000  0.0000  0.0000  0.0000  0.0000  0.0000  0.0000  0.0000 -0.1709 -0.2736  0.0000 -0.3822 -0.1224  0.5352  0.0000  0.0000  0.0000  0.0000  0.0000  0.0000  0.0000
  o =  0.0277  v =  0.0000  0.0000  0.0000  0.0000  0.0000  0.0000  0.0000  0.0000  0.2473 -0.2756  0.0000  0.5531 -0.1232  0.2607  0.0000  0.0000  0.0000  0.0000  0.0000  0.0000  0.0000  0.0000 -0.2752  0.1087  0.0000 -0.6154  0.0486  0.0723
  o =  0.0277  v =  0.0000  0.0000  0.0000  0.0000  0.0000  0.0000  0.0000  0.0000 -0.0006 -0.1911  0.0000 -0.0013 -0.0854 -0.2240  0.0000  0.0000  0.0000  0.0000  0.0000  0.0000  0.0000  0.0000 -0.0758 -0.6718  0.0000 -0.1696 -0.3004 -0.5744
  o =  0.0277  v =  0.0000  0.0000  0.0000  0.0000  0.0000  0.0000  0.0000  0.0000 -0.1460 -0.4217  0.0000 -0.3266 -0.1886  0.6943  0.0000  0.0000  0.0000  0.0000  0.0000  0.0000  0.0000  0.0000  0.0516 -0.2827  0.0000  0.1154 -0.1264  0.2543
  o =  0.0495  v =  0.3519  0.7449  0.0698  0.3148 -0.3331 -0.1561  0.0000  0.0000  0.0000  0.0000  0.0000  0.0000  0.0000  0.0000  0.0000 -0.1886  0.0810  0.0000  0.0844 -0.1811  0.0000  0.0000  0.0000  0.0000  0.0000  0.0000  0.0000  0.0000
  o =  0.0495  v = -0.6034  0.4735 -0.0261 -0.5397 -0.2118  0.0584  0.0000  0.0000  0.0000  0.0000  0.0000  0.0000  0.0000  0.0000  0.0000 -0.0863 -0.1021  0.0000  0.0386  0.2283  0.0000  0.0000  0.0000  0.0000  0.0000  0.0000  0.0000  0.0000
  o =  0.0495  v = -0.2601 -0.0907  0.1550 -0.2326  0.0406 -0.3467  0.0000  0.0000  0.0000  0.0000  0.0000  0.0000  0.0000  0.0000  0.0000 -0.0551  0.3465  0.0000  0.0246 -0.7749  0.0000  0.0000  0.0000  0.0000  0.0000  0.0000  0.0000  0.0000
  o =  0.0495  v =  0.0000  0.0000  0.0000  0.0000  0.0000  0.0000  0.0000 -0.4154 -0.7327 -0.0838 -0.3716  0.3277  0.1874  0.0000  0.0000  0.0000  0.0000  0.0000  0.0000  0.0000  0.0000  0.0000  0.0348 -0.0158  0.0000 -0.0156  0.0353  0.0000
  o =  0.0495  v =  0.0000  0.0000  0.0000  0.0000  0.0000  0.0000  0.0000  0.4989 -0.5309  0.1716  0.4462  0.2374 -0.3836  0.0000  0.0000  0.0000  0.0000  0.0000  0.0000  0.0000  0.0000  0.0000 -0.0013  0.0787  0.0000  0.0006 -0.1760  0.0000
  o =  0.0495  v =  0.0000  0.0000  0.0000  0.0000  0.0000  0.0000  0.0000 -0.3662  0.1080  0.3288 -0.3275 -0.0483 -0.7352  0.0000  0.0000  0.0000  0.0000  0.0000  0.0000  0.0000  0.0000  0.0000 -0.0412  0.1252  0.0000  0.0184 -0.2799  0.0000
  o =  0.1454  v =  0.0000  0.0000  0.0000  0.0000  0.0000  0.0000  0.0000  0.6667  0.0000  0.0000 -0.7454  0.0000  0.0000  0.0000  0.0000  0.0000  0.0000  0.0000  0.0000  0.0000  0.0000  0.0000  0.0000  0.0000  0.0000  0.0000  0.0000  0.0000
  o =  0.1454  v =  0.6667  0.0000  0.0000 -0.7454  0.0000  0.0000  0.0000  0.0000  0.0000  0.0000  0.0000  0.0000  0.0000  0.0000  0.0000  0.0000  0.0000  0.0000  0.0000  0.0000  0.0000  0.0000  0.0000  0.0000  0.0000  0.0000  0.0000  0.0000
